66 1507791220166
70 1507793807837
61 1507793826044
2 1507793912747
88 1507826674371
89 1507826710206
90 1507826749694
87 1507826767300
62 1507826842857
53 1507826858900
50 1507826876159
55 1507826895248
52 1507826915376
59 1507826934540
60 1507826968097
54 1507826986841
51 1507827003946
58 1507827033042
57 1507827427128
56 1507827443788
38 1507827524028
7 1507827620931
6 1507827640390
4 1507827675525
24 1507828008337
14 1507846536841
9 1507846553637
17 1507846574781
13 1507846599820
18 1507846649342
10 1507846686561
11 1507846707203
12 1507846723450
47 1507846786298
15 1507860169886
20 1507860640285
19 1507860657081
42 1507861108537
39 1507861145047
44 1507861169913
43 1507861251949
48 1507861287341
41 1507861305493
46 1507861323879
33 1507862378960
27 1507862465343
69 1508112233311
75 1508112251677
78 1508112328749
68 1508112438699
77 1508112456458
76 1508112471731
74 1508112487736
67 1508112511779
40 1508112530116
36 1508112547891
34 1508112580827
32 1508112634934
22 1508188269214
29 1508188346601
28 1508188922440
23 1508188942860
31 1508189156316
21 1508189174645
30 1508203298933
